-0.9546563750 	 -0.1288011313 	 0.0016784011 	 
-0.8309755581 	 0.3936737006 	 0.0026297318 	 
-0.9232442313 	 -0.1287029951 	 0.0022567711 	 
-0.1430910555 	 0.2913331105 	 0.0026812366 	 
-0.2776677654 	 -0.1589060793 	 0.0025516436 	 
-0.0263292639 	 -0.2642869431 	 0.0021899972 	 
-0.8952669949 	 -0.2034271722 	 0.0023212841 	 
0.9426417199 	 0.2767845823 	 0.0014509206 	 
-0.1259741705 	 0.9295069208 	 0.0023228330 	 
0.5160842454 	 -0.7631889902 	 0.0023078655 	 
-0.8315410788 	 -0.3795384090 	 0.0029331483 	 
-0.1485963796 	 0.9120941376 	 0.0019128510 	 
-0.6849225169 	 -0.6441723507 	 0.0024776778 	 
-0.9067828396 	 -0.1020881508 	 0.0022972078 	 
0.9076342512 	 -0.0897241660 	 0.0029111117 	 
-0.0072236144 	 0.2863948678 	 0.0022036694 	 
0.9311347442 	 -0.1114919173 	 0.0027035793 	 
-0.9716186167 	 -0.1556991804 	 0.0013164501 	 
0.7416202982 	 -0.5394148252 	 0.0026428418 	 
0.5091977740 	 -0.7921777269 	 0.0020284398 	 
0.5703944458 	 0.7311474228 	 0.0018708287 	 
-0.1330291356 	 -0.2384567682 	 0.0027565625 	 
0.3003969593 	 -0.8647738819 	 0.0028823595 	 
0.3316823618 	 -0.0118143178 	 0.0024642196 	 
0.3139186370 	 0.0133441519 	 0.0022270613 	 
-0.1046155288 	 -0.2289257189 	 0.0020970419 	 
-0.0178482899 	 0.2593870862 	 0.0015829013 	 
0.7482324280 	 0.5421268977 	 0.0021666178 	 
-0.0497975341 	 -0.2821959867 	 0.0020111394 	 
-0.5841501501 	 -0.7926822990 	 0.0010788797 	 
0.2010191876 	 0.2531264269 	 0.0023795443 	 
-0.9101144261 	 -0.2299932004 	 0.0021126707 	 
-0.3311974489 	 0.8784591214 	 0.0027377255 	 
0.7619864385 	 0.5664086549 	 0.0016752725 	 
-0.3015915244 	 0.8693115774 	 0.0026331666 	 
0.7728541888 	 -0.5380665467 	 0.0023804979 	 
0.9674826610 	 -0.1771859475 	 0.0011949101 	 
-0.1127195309 	 0.2950609823 	 0.0022054053 	 
0.1254172393 	 0.2701797719 	 0.0019914397 	 
-0.2525602945 	 0.0379204224 	 0.0027527486 	 
0.0031587166 	 -0.2728410753 	 0.0025450415 	 
-0.8491637210 	 0.4179423442 	 0.0021611939 	 
-0.2625589853 	 -0.1341534281 	 0.0017288508 	 
0.4780495522 	 -0.7923486275 	 0.0025462214 	 
-0.6939153185 	 -0.6138836966 	 0.0025740822 	 
0.4694836108 	 -0.8213267422 	 0.0022119317 	 
0.5484980756 	 0.7150380470 	 0.0018303582 	 
-0.1347490476 	 -0.9301868169 	 0.0022710876 	 
0.5981351402 	 0.7220119030 	 0.0023182467 	 
-0.0120853624 	 -0.8760135753 	 0.0024839096 	 
-0.0630151866 	 0.2434149433 	 0.0013403900 	 
-0.0311430387 	 0.9388576255 	 0.0022046227 	 
0.5996965564 	 -0.7006593344 	 0.0022156066 	 
0.6814681584 	 -0.7095712749 	 0.0011324996 	 
-0.0466182939 	 0.2649353188 	 0.0017032797 	 
-0.2329044903 	 -0.1023821269 	 0.0014914710 	 
0.2891050616 	 -0.8950899175 	 0.0028674503 	 
0.1549002677 	 0.2746874685 	 0.0023091034 	 
0.0913438278 	 -0.9795425276 	 0.0014478891 	 
0.9311782497 	 0.2442734243 	 0.0017298434 	 
0.9161247151 	 0.2974483794 	 0.0022917291 	 
0.9801815957 	 -0.0770487474 	 0.0013974871 	 
0.1705733079 	 0.2483368612 	 0.0021335115 	 
-0.1559507066 	 0.2634491418 	 0.0021076791 	 
-0.8446094691 	 -0.4091283782 	 0.0026624021 	 
0.0190294657 	 -0.8725923227 	 0.0025342153 	 
-0.8522433776 	 -0.3533968972 	 0.0026537820 	 
0.0630261887 	 -0.9653933942 	 0.0017835312 	 
-0.9822207699 	 -0.0518582964 	 0.0011741815 	 
-0.4946372432 	 0.7819107970 	 0.0022512975 	 
0.2793216948 	 0.1450348982 	 0.0021495088 	 
0.2539068148 	 0.1568484681 	 0.0021131024 	 
-0.4904664971 	 0.8110513820 	 0.0022599081 	 
0.1371258090 	 -0.2196538976 	 0.0020858684 	 
0.1860566464 	 -0.1775597911 	 0.0016325732 	 
-0.1093253383 	 0.2298150411 	 0.0026821909 	 
-0.2366825241 	 0.0929960516 	 0.0017405017 	 
0.2490180294 	 -0.0591574392 	 0.0016966905 	 
-0.2541175994 	 -0.0389019310 	 0.0019593425 	 
0.1312962066 	 0.2183209131 	 0.0016892775 	 
-0.8880766296 	 -0.2530305297 	 0.0021195145 	 
0.6023710277 	 -0.7294767689 	 0.0018077501 	 
0.3339234831 	 -0.8603300614 	 0.0026213628 	 
0.8646369308 	 0.3103275137 	 0.0024248193 	 
-0.0549650197 	 0.9229896947 	 0.0018967875 	 
-0.5955335789 	 -0.7648726764 	 0.0016595842 	 
0.4137662517 	 0.8247505766 	 0.0022634036 	 
-0.5546565043 	 -0.7942999725 	 0.0014179364 	 
0.1844087036 	 0.1489792924 	 0.0022977236 	 
-0.8453640568 	 0.3648594208 	 0.0024963556 	 
-0.9178914875 	 0.0006873337 	 0.0024487801 	 
0.0297061271 	 0.2342266754 	 0.0021358658 	 
0.3206950826 	 0.8647320116 	 0.0022174610 	 
-0.9271340828 	 -0.0777428453 	 0.0024006554 	 
-0.1061062175 	 -0.9182351877 	 0.0024334859 	 
0.8833475586 	 -0.2798952696 	 0.0020367336 	 
-0.2612786576 	 -0.1851965937 	 0.0024095252 	 
-0.9012434012 	 -0.2797624937 	 0.0019787829 	 
-0.5862225152 	 -0.7112525961 	 0.0026322819 	 
0.0245525331 	 -0.2525670046 	 0.0015655263 	 
-0.2578361381 	 0.0698269568 	 0.0024969475 	 
0.9555819509 	 -0.1489126651 	 0.0015018051 	 
-0.2579718608 	 -0.0909703175 	 0.0017133359 	 
0.9450554498 	 -0.1993998766 	 0.0016860564 	 
0.3672220729 	 0.8450407559 	 0.0023895497 	 
0.4431665271 	 0.8296540348 	 0.0022056175 	 
-0.8817783923 	 -0.3018914097 	 0.0016703770 	 
0.1150398879 	 0.2424213315 	 0.0020220457 	 
0.3499564779 	 0.8711710494 	 0.0022227193 	 
0.3970022789 	 0.8516111856 	 0.0024040678 	 
-0.6929399019 	 0.6223050934 	 0.0019233995 	 
-0.5749134598 	 -0.7414258490 	 0.0025776201 	 
-0.2724083276 	 0.0137563944 	 0.0020574807 	 
-0.4785574416 	 -0.0272318709 	 0.0021942751 	 
0.0454223057 	 0.2081786309 	 0.0012782734 	 
-0.0711189736 	 -0.1993966860 	 0.0007704165 	 
0.1761162689 	 0.1197772852 	 0.0013292097 	 
0.1645508297 	 -0.1577477967 	 0.0013919567 	 
0.1203764017 	 -0.1924108195 	 0.0018557974 	 
-0.2084770795 	 0.0825432093 	 0.0010253590 	 
-0.2220301926 	 0.0286008562 	 0.0015976875 	 
-0.0962652284 	 0.2024347452 	 0.0014368719 	 
-0.0466516290 	 0.2192665519 	 0.0010219630 	 
0.2151310258 	 0.0546494218 	 0.0010660892 	 
0.2225058869 	 0.0023333604 	 0.0010587526 	 
0.2205107875 	 -0.0532849944 	 0.0013868771 	 
-0.2093338934 	 -0.0845673541 	 0.0012453676 	 
-0.2233106564 	 -0.0288294654 	 0.0017080474 	 
0.0678416204 	 -0.2137643086 	 0.0014668641 	 
0.0177475843 	 -0.2253919985 	 0.0011559070 	 
0.1197764245 	 0.1919149732 	 0.0010771448 	 
-0.1430830396 	 0.1730527048 	 0.0013891114 	 
-0.1812007782 	 0.1321184164 	 0.0015331974 	 
-0.7924403591 	 0.4787159401 	 0.0024456167 	 
-0.1601019123 	 0.1927645904 	 0.0009291081 	 
-0.4590632771 	 -0.0503115298 	 0.0021108159 	 
0.2740547555 	 0.0914385298 	 0.0017554190 	 
0.1686525132 	 0.8935054413 	 0.0020145262 	 
-0.4724761226 	 -0.0773442888 	 0.0021814333 	 
0.0776199834 	 0.2926659650 	 0.0020036480 	 
-0.6003237234 	 0.7042473381 	 0.0023254468 	 
-0.8940276776 	 -0.3256473273 	 0.0015283086 	 
-0.4012922815 	 -0.1705529653 	 0.0021862829 	 
-0.5768242011 	 0.7224246838 	 0.0023194445 	 
0.7067484661 	 0.6229679354 	 0.0023594200 	 
0.1652727165 	 -0.9066721281 	 0.0024675342 	 
0.6500690705 	 -0.7136301569 	 0.0014621561 	 
0.8848682668 	 0.2857231077 	 0.0025542353 	 
0.6885666172 	 -0.6791082109 	 0.0017766072 	 
0.2872648207 	 0.0105898250 	 0.0013235817 	 
-0.4538776324 	 -0.1009050242 	 0.0020852928 	 
-0.0808325011 	 -0.2437693769 	 0.0019313271 	 
-0.5729703874 	 0.7522698812 	 0.0023201492 	 
-0.0757506932 	 -0.2710414380 	 0.0015672919 	 
0.4433204046 	 -0.8351119512 	 0.0022613702 	 
-0.6295832400 	 0.7083374642 	 0.0021976146 	 
0.2458738971 	 0.0916688765 	 0.0017482528 	 
-0.0604490437 	 -0.2247646343 	 0.0022175167 	 
-0.2905692400 	 -0.0734952415 	 0.0014586489 	 
0.7266835147 	 -0.5664395857 	 0.0019928619 	 
-0.3061493208 	 -0.0523087925 	 0.0017296665 	 
0.1971240314 	 -0.9029133001 	 0.0025411604 	 
0.9612870413 	 -0.1030264272 	 0.0015923287 	 
0.9642182371 	 -0.0490050875 	 0.0019584449 	 
-0.9829087647 	 0.0516977351 	 0.0009293337 	 
-0.6569791574 	 -0.6532419082 	 0.0018063398 	 
-0.9336730350 	 -0.0269929134 	 0.0024003618 	 
-0.4672938814 	 -0.1276409013 	 0.0020959062 	 
0.4722086728 	 -0.2014433977 	 0.0020712363 	 
0.7812557559 	 -0.5086751059 	 0.0017615471 	 
0.9001320769 	 -0.3025043454 	 0.0018162697 	 
0.8486859230 	 -0.3671442397 	 0.0023766320 	 
0.3081700796 	 -0.3208298869 	 0.0022438497 	 
-0.4260241669 	 0.0304103066 	 0.0021182280 	 
0.2776092753 	 -0.3251324226 	 0.0022688284 	 
-0.6720061587 	 0.6042345175 	 0.0016496160 	 
0.3183570834 	 -0.2918605163 	 0.0021038464 	 
0.3959903439 	 -0.1818932022 	 0.0022332286 	 
0.9269713961 	 0.0759028384 	 0.0023593414 	 
0.6456612004 	 0.7429324716 	 0.0008873389 	 
-0.9654961132 	 -0.0247466140 	 0.0016956615 	 
-0.9597077498 	 -0.0767534142 	 0.0018416748 	 
-0.4262649529 	 -0.3549690189 	 0.0021813722 	 
0.4159260718 	 -0.8252637001 	 0.0022394606 	 
0.2418710535 	 0.0615357946 	 0.0013476550 	 
0.7021556454 	 -0.6294621945 	 0.0018197493 	 
0.9385782974 	 0.1043601610 	 0.0020650040 	 
0.0687715915 	 0.2645703966 	 0.0020444925 	 
0.8081983295 	 -0.5049771113 	 0.0015476538 	 
0.7081111576 	 -0.6036377312 	 0.0015684850 	 
0.1764938795 	 0.9206555280 	 0.0017391531 	 
-0.9174266232 	 -0.1802424578 	 0.0023524590 	 
0.0717129244 	 -0.2412421669 	 0.0014000987 	 
0.2177360106 	 0.2282361621 	 0.0021055663 	 
-0.1590590897 	 -0.9156184127 	 0.0017003351 	 
0.2503968318 	 0.0059206849 	 0.0012518183 	 
-0.2830837982 	 0.0848744354 	 0.0016417672 	 
-0.4138636666 	 -0.1979865806 	 0.0021192376 	 
-0.2038324117 	 0.1489140394 	 0.0012613887 	 
0.8225986981 	 -0.4242201610 	 0.0023788064 	 
-0.2920072852 	 -0.3654535524 	 0.0021468174 	 
0.9206518313 	 0.1908920127 	 0.0020492236 	 
0.2576267678 	 -0.8928920876 	 0.0020927890 	 
-0.0983451301 	 0.9179184286 	 0.0018898963 	 
-0.3140441462 	 -0.2897449649 	 0.0020585425 	 
-0.2867870186 	 0.2265880758 	 0.0020619428 	 
-0.4669146613 	 0.0004400705 	 0.0021059445 	 
-0.4555265692 	 -0.2291149129 	 0.0021965422 	 
0.5035350566 	 0.7259390108 	 0.0015782750 	 
-0.3163285690 	 0.2222293730 	 0.0020147839 	 
-0.4309021127 	 -0.3033475893 	 0.0022465078 	 
0.1182773522 	 -0.8849269357 	 0.0020937399 	 
-0.1409484590 	 0.2364485737 	 0.0023229013 	 
0.3485701976 	 -0.2902475641 	 0.0021537520 	 
0.3227891354 	 -0.0391492081 	 0.0017971878 	 
