Coord_center_el.x 	 Coord_center_el.y 	 vectorElement[i].P 	 vectorElement[i].P_Correction 	 vectorElement[i].U_x 	 vectorElement[i].U_x_Correction 	 vectorElement[i].U_y 	 vectorElement[i].U_y_Correction 	 
0.3900850904 	 0.2420505577 	 1718450.1713543355 	 6873800.5330349663 	 -1458.1407284269 	 -1457.9332622037 	 5477.2110379876 	 5476.8839553126 	 
0.6603328521 	 -0.0918247638 	 2290645.4683789853 	 9162581.3348201849 	 652.9977629305 	 -9473.4263327891 	 -7566.4946701483 	 9319.2150321450 	 
-0.2553322761 	 0.3831565872 	 1799085.9590142139 	 7196343.6818931932 	 2120.1241252893 	 2120.4104606910 	 776.2906644498 	 776.4860988664 	 
-0.4859920142 	 0.1336426119 	 1886299.5510690843 	 7545197.9875686737 	 2600.3328971930 	 2600.4255434402 	 4846.9401274240 	 4847.3233222631 	 
-0.2521170060 	 -0.3814421754 	 1994638.2348243778 	 7978552.7893233821 	 -1332.8235332620 	 -1333.1427779485 	 1657.7618072305 	 1658.0250465610 	 
0.7968978313 	 -0.2692822955 	 2235640.3999738935 	 8942560.5680759661 	 -21134.8422346993 	 2338.8890541395 	 15022.9706034505 	 -2598.1637210991 	 
0.0447052381 	 -0.4610745488 	 2064581.6574077772 	 8258326.4717647629 	 -2528.7949074155 	 -2529.1367723901 	 685.4181571780 	 685.3785586532 	 
0.0462355926 	 0.4602996216 	 1736301.0530231092 	 6945204.0550513212 	 2457.4980807595 	 2457.9054955874 	 -587.0145484017 	 -587.0990715498 	 
0.4909913182 	 0.1206902466 	 1789659.8279871102 	 7158639.0927883945 	 -22745.6119449324 	 -22745.5136011832 	 -481.7973303132 	 -482.2262580037 	 
-0.5663582713 	 0.0022600882 	 1936513.8355319405 	 7746055.0182736861 	 3149.7451318115 	 3149.7352015293 	 3828.1146971590 	 3828.6188019166 	 
0.6574717443 	 0.0976304062 	 2103929.2848985451 	 8415716.6056947038 	 7543.5993471276 	 -2544.5176590549 	 -20954.2224055799 	 -4089.8140758851 	 
0.1762014526 	 -0.4349121923 	 2097594.3326254762 	 8390377.1645332240 	 -4168.2818128328 	 -4168.6837026513 	 1400.8121738135 	 1400.6880052582 	 
0.1779187848 	 0.4348492916 	 1708783.2333089407 	 6835132.7664623233 	 3199.7814926628 	 3200.1066571574 	 997.3971846540 	 997.2660828865 	 
-0.3623055482 	 0.3053133770 	 1831167.4385215626 	 7324669.5818620697 	 2374.0691983624 	 2374.3804482999 	 1969.8008237364 	 1970.1290617693 	 
-0.3526688597 	 0.0982070032 	 1867117.4777695623 	 7468469.8560593976 	 1298.8493691350 	 1638.3962651451 	 3016.6303451072 	 2025.4068589287 	 
-0.2865789170 	 0.2061414693 	 1841528.8257888888 	 7366115.2578634154 	 3074.3803349327 	 3125.1230635392 	 3237.6400635768 	 2937.8854998176 	 
0.4600797703 	 0.3871406670 	 1698737.7716429499 	 6794950.6937680682 	 1009.1823403675 	 1009.5564923290 	 2453.4880991407 	 2453.0444774708 	 
-0.3516271562 	 -0.2984882985 	 1973570.5382667389 	 7894281.9978548288 	 -1405.1088656338 	 -1405.3139189926 	 1854.0603729072 	 1854.2908396362 	 
0.3953702210 	 0.0079508815 	 1665029.3705793379 	 6660117.4018568220 	 -7260.8444634859 	 -7260.8388137616 	 13818.3275821335 	 13818.0316299291 	 
0.2436018901 	 -0.1956460314 	 2095393.6175895857 	 8381574.4489750527 	 -5248.4532972173 	 -5289.8695009130 	 4750.9380412657 	 4906.3619898779 	 
0.2478791993 	 0.2032697614 	 1721323.1635678997 	 6885292.6288605602 	 247.9917375130 	 249.1472660723 	 731.5046955757 	 737.2951299598 	 
0.1643480446 	 -0.3062319582 	 2084265.3849135393 	 8337061.4981411742 	 -2850.3581390040 	 -2833.0993032096 	 529.3125091572 	 566.8158514178 	 
0.1643480446 	 0.3062319582 	 1720758.9400058920 	 6883035.7185105849 	 668.0555662238 	 74.6927961979 	 713.5571304312 	 621.8791263483 	 
-0.8192169737 	 -0.2167397574 	 1913364.7649256939 	 7653458.0075176097 	 19907.6056985999 	 -4349.7193050102 	 -1354.2633858721 	 -255.4856355282 	 
-0.2211915886 	 0.8351292285 	 1796669.2576174019 	 7186675.9234473892 	 -2753.4717965521 	 -1088.0264123717 	 -14923.6001896962 	 3676.6705648426 	 
-0.2211297917 	 -0.8346520069 	 2048904.4510874909 	 8195616.6989296749 	 9475.9211379187 	 -1324.5833063728 	 10771.6016809817 	 -4184.5594579240 	 
-0.3450210149 	 -0.0940605272 	 1929629.2114263526 	 7718516.7971062539 	 1746.7828871325 	 1789.8146277815 	 4906.4994831558 	 5017.0726268437 	 
-0.2811335416 	 -0.2013714755 	 1953863.1756749591 	 7815452.6623477517 	 -1572.1868859973 	 -978.2831523340 	 2656.7047108608 	 2485.5488518317 	 
0.6059513049 	 0.6166942420 	 1487261.2761191339 	 5949043.9952727919 	 -7325.8072009772 	 9020.3027676484 	 2731.1032867119 	 9723.3176665194 	 
0.5867669652 	 -0.6293803559 	 2240984.8648367859 	 8963938.3638878725 	 -5912.9285411809 	 461.6550512365 	 16884.4680322966 	 -418.2156577840 	 
-0.1381238973 	 -0.3081514823 	 2005397.7659852616 	 8021591.0287970072 	 -3557.4020472914 	 -3559.9141605106 	 2247.4824942024 	 2252.7960266498 	 
-0.1393236715 	 0.3103247973 	 1778454.9581759919 	 7113819.7960138265 	 3253.3360446904 	 3029.5990818270 	 1040.1565117790 	 537.5331970275 	 
-0.0121329523 	 -0.3419563897 	 2038664.7401671282 	 8154658.9226987027 	 -3506.1483161502 	 -3051.6831852791 	 1119.2512887934 	 1472.4894797609 	 
-0.0121329523 	 0.3419563897 	 1751072.5769984548 	 7004290.2700240090 	 3540.6508808273 	 3479.2357420177 	 181.2600411069 	 53.4717870093 	 
-0.4766533821 	 -0.1233673405 	 1952118.5294779046 	 7808473.9189639855 	 626.7500814007 	 635.3241871785 	 1191.4470895385 	 1214.1057033241 	 
-0.8244001441 	 0.2208973528 	 1928121.8924730709 	 7712486.4976838753 	 12221.0537271174 	 -2696.5377980307 	 -10427.4072049455 	 458.6091938851 	 
-0.2234405462 	 0.5373882837 	 1797247.4305284352 	 7188989.3681935072 	 4909.5448363079 	 4910.0452413989 	 -1554.3059650561 	 -1554.0902238624 	 
-0.2218204790 	 -0.5351810523 	 2011176.9689902300 	 8044707.5272476235 	 1813.1886777738 	 1812.6914458735 	 6598.9928381108 	 6599.1826220268 	 
0.7966510697 	 0.2704571935 	 24187049.7447101995 	 96748197.9465558082 	 -1440.9486137414 	 -11338.2521950436 	 -19613.8280136757 	 -2897.8803664146 	 
-0.5824864983 	 -0.5999134737 	 2009737.5388580807 	 8038949.1397742154 	 10145.4431719464 	 -5567.5799061884 	 9780.2544976964 	 2210.2604264033 	 
-0.5843546513 	 0.6002329963 	 1869651.9728522950 	 7478606.8708055075 	 11278.6562650060 	 1567.8120524234 	 -11923.0898400020 	 5892.3783957905 	 
0.2107590499 	 -0.8117689503 	 2149201.9296142063 	 8596806.6946913265 	 -4840.4324801118 	 -5134.0491211444 	 13676.7584681407 	 -4054.7320190472 	 
0.2136968778 	 0.8109360506 	 1726068.1147803771 	 6904271.4355578674 	 -71.8919832094 	 8259.5709789057 	 -14274.0050657995 	 387.3712110547 	 
-0.2407970579 	 0.0019671838 	 1873348.4851100254 	 7493393.9389482047 	 -173.4218847801 	 57.6957811516 	 973.9509757248 	 181.6613513850 	 
0.2159995709 	 0.0875358266 	 1733341.5260049175 	 6933366.1031868551 	 -846.4506845082 	 -684.1871600137 	 1334.7373364104 	 1334.7114741073 	 
0.2172789204 	 -0.0798412888 	 2007762.6451753224 	 8031050.5799749345 	 1659.3551532815 	 1763.4093874991 	 3653.6580434238 	 3685.3179471631 	 
-0.1535843103 	 0.1810498192 	 1794508.9877662840 	 7178035.9498905307 	 501.2037140733 	 298.7807497112 	 549.2585289536 	 180.8341670606 	 
-0.1529916321 	 -0.1807850599 	 1967180.4124253104 	 7868721.6485768007 	 -588.6360185616 	 -156.3467085515 	 412.2177795737 	 220.0385209689 	 
0.0552476011 	 0.2307440050 	 1722356.7230959437 	 6889426.8912223177 	 576.0733192142 	 131.9814986636 	 -80.3998973351 	 -94.0912634055 	 
0.0552476011 	 -0.2307440050 	 2046625.7294957589 	 8186502.9168215785 	 -624.4140859680 	 -249.4123949345 	 -223.9061237781 	 5.3742761428 	 
-0.0543570091 	 0.5775908826 	 1751427.3438732903 	 7005709.0251918370 	 1245.0271564102 	 1245.5539053191 	 -6778.3945252119 	 -6778.3271523488 	 
-0.0552363858 	 -0.5778270785 	 2063258.9435396709 	 8253035.4232350476 	 -3704.8077967226 	 -3705.3494383417 	 4210.2449795633 	 4210.2818240765 	 
0.6246933442 	 -0.4194271524 	 2249527.4300842769 	 8998108.9578914735 	 -10922.8164360114 	 -3708.9307879307 	 -7097.4258020940 	 1747.9053713471 	 
-0.6372163246 	 -0.3613994170 	 1988389.8383998012 	 7953558.6462320369 	 -4406.4498833674 	 -2386.7681915935 	 13776.0753109762 	 5403.3763905195 	 
-0.7619565277 	 0.0056056455 	 1964283.8436197322 	 7857134.5849008579 	 3224.5921402965 	 -687.0355496519 	 7885.0422540146 	 -843.3474877007 	 
0.3113321497 	 -0.4910958041 	 2135263.5959963785 	 8541054.0310930107 	 -5602.5446422955 	 -5602.9803968419 	 7006.9717740303 	 7006.6710059342 	 
0.3185556969 	 0.4852223041 	 1681932.1488644243 	 6727728.2445623334 	 1102.4890463449 	 1102.9500731029 	 2053.4216692898 	 2053.1395698772 	 
-0.3568085901 	 -0.6715160811 	 2110135.2474704208 	 8440540.2047479916 	 -6080.3858901131 	 -7.2499293007 	 11809.1233737554 	 2348.7615441546 	 
-0.4817726458 	 -0.2610960219 	 1958115.7131614017 	 7832462.5625375938 	 146.2287828724 	 600.7770643733 	 3462.5069445070 	 1589.3688244531 	 
0.6329175424 	 0.4196521124 	 1679652.6599352760 	 6718609.8575282395 	 7241.2913954079 	 -2642.4713107463 	 -13674.9794892799 	 3044.4785366144 	 
-0.3599507916 	 0.6737491992 	 1851379.5268054423 	 7405517.3121980196 	 12105.5689375718 	 5439.3134106595 	 2223.2962237948 	 757.6112200687 	 
-0.0204771040 	 -0.7650655068 	 2116227.8763439646 	 8464910.7061296981 	 -13004.8800710896 	 -6648.0022171114 	 3816.7264013696 	 2096.9202404212 	 
-0.0196213254 	 0.7663455648 	 1854611.5118651700 	 7418445.2445853604 	 11654.2248605105 	 3078.6847571635 	 -6857.5287842455 	 -1710.9884748125 	 
-0.4946139055 	 0.2697929113 	 1850723.0836128711 	 7402892.0161351804 	 6870.5805343576 	 6870.8234943997 	 -2990.8449062553 	 -2990.3673403280 	 
0.3829660297 	 -0.6569615517 	 2250385.6725805993 	 9001541.9051600434 	 -16053.8104321718 	 -5458.6277848620 	 839.7871072762 	 1927.5303285424 	 
0.3980272254 	 0.6577424055 	 1675550.7280653217 	 6702202.1030123560 	 18159.8722060882 	 13792.0584639223 	 -6361.8231487652 	 -2096.7511358858 	 
-0.6513583882 	 0.3662293598 	 1972067.4007336046 	 7888268.8550354950 	 13040.5628537091 	 5155.9549054003 	 5975.3657750969 	 -373.9689096119 	 
0.3913323281 	 -0.2366014431 	 2153011.9738270496 	 8612047.7452487499 	 -587.8077304676 	 -595.7347904226 	 8192.8362967302 	 8221.6383651842 	 
0.4889900484 	 -0.1087222889 	 2044676.2563443803 	 8178704.8134603575 	 9864.8726528475 	 -163.7921134859 	 -16507.6610516892 	 215.1095180336 	 
0.4405825261 	 -0.3933382060 	 2175849.6228215760 	 8703398.1202247199 	 -7906.6223585748 	 -6502.6856034482 	 -223.8007750970 	 1506.2899139584 	 
0.2754686106 	 0.0024420494 	 1758943.4580998330 	 7035773.8246428780 	 3309.4194766364 	 3394.7119625964 	 2822.9273174445 	 2833.0176201583 	 
