Time: 0.0300	Mesh (Number of cells): 92
0.3900850904 	 0.2420505577 	 0.2447373055 	 21
0.6603328521 	 -0.0918247638 	 -0.0678828861 	 22
-0.2553322761 	 0.3831565872 	 0.0615874389 	 23
-0.4859920142 	 0.1336426119 	 0.1324869505 	 24
-0.2521170060 	 -0.3814421754 	 0.2292803416 	 25
0.7968978313 	 -0.2692822955 	 -0.0250073757 	 26
0.0447052381 	 -0.4610745488 	 0.0801204876 	 27
0.0462355926 	 0.4602996216 	 0.2254644871 	 28
0.4909913182 	 0.1206902466 	 0.0892533358 	 29
-0.5663582713 	 0.0022600882 	 0.1479231461 	 30
0.6574717443 	 0.0976304062 	 0.0972427899 	 31
0.1762014526 	 -0.4349121923 	 0.2100674272 	 32
0.1779187848 	 0.4348492916 	 0.1025946008 	 33
-0.3623055482 	 0.3053133770 	 0.2044490760 	 34
-0.3526688597 	 0.0982070032 	 0.2942700833 	 35
-0.2865789170 	 0.2061414693 	 -0.0189188809 	 36
0.4600797703 	 0.3871406670 	 0.1235416258 	 37
-0.3516271562 	 -0.2984882985 	 0.1063133113 	 38
0.3953702210 	 0.0079508815 	 0.1980555139 	 39
0.2436018901 	 -0.1956460314 	 0.3827545413 	 40
0.2478791993 	 0.2032697614 	 -0.0241855543 	 41
0.1643480446 	 -0.3062319582 	 0.0297283164 	 42
0.1643480446 	 0.3062319582 	 0.3333005442 	 43
-0.8192169737 	 -0.2167397574 	 -0.1074449869 	 44
-0.2211915886 	 0.8351292285 	 -0.1321875302 	 45
-0.2211297917 	 -0.8346520069 	 -0.1346963762 	 46
-0.3450210149 	 -0.0940605272 	 0.0721036103 	 47
-0.2811335416 	 -0.2013714755 	 0.3755517706 	 48
0.6059513049 	 0.6166942420 	 -0.1200424348 	 49
0.5867669652 	 -0.6293803559 	 -0.1176861044 	 50
-0.1381238973 	 -0.3081514823 	 -0.0096994852 	 51
-0.1393236715 	 0.3103247973 	 0.3417877741 	 52
-0.0121329523 	 -0.3419563897 	 0.3516324733 	 53
-0.0121329523 	 0.3419563897 	 -0.0065415200 	 54
-0.4766533821 	 -0.1233673405 	 0.1422895897 	 55
-0.8244001441 	 0.2208973528 	 -0.1186493305 	 56
-0.2234405462 	 0.5373882837 	 0.2210313345 	 57
-0.2218204790 	 -0.5351810523 	 0.0894183762 	 58
0.7966510697 	 0.2704571935 	 -0.0576820044 	 59
-0.5824864983 	 -0.5999134737 	 -0.0748729577 	 60
-0.5843546513 	 0.6002329963 	 -0.0835468045 	 61
0.2107590499 	 -0.8117689503 	 -0.0822798614 	 62
0.2136968778 	 0.8109360506 	 -0.0789014340 	 63
-0.2407970579 	 0.0019671838 	 0.1666976452 	 64
0.2159995709 	 0.0875358266 	 0.3228139016 	 65
0.2172789204 	 -0.0798412888 	 0.0054123724 	 66
-0.1535843103 	 0.1810498192 	 0.1176666745 	 67
-0.1529916321 	 -0.1807850599 	 0.2233800421 	 68
0.0552476011 	 0.2307440050 	 0.1559051867 	 69
0.0552476011 	 -0.2307440050 	 0.1992993311 	 70
-0.0543570091 	 0.5775908826 	 0.0871289526 	 71
-0.0552363858 	 -0.5778270785 	 0.2115946965 	 72
0.6246933442 	 -0.4194271524 	 0.0063423145 	 73
-0.6372163246 	 -0.3613994170 	 0.0470452696 	 74
-0.7619565277 	 0.0056056455 	 0.0535433824 	 75
0.3113321497 	 -0.4910958041 	 0.1046690765 	 76
0.3185556969 	 0.4852223041 	 0.2043543918 	 77
-0.3568085901 	 -0.6715160811 	 0.0686021598 	 78
-0.4817726458 	 -0.2610960219 	 0.1805488205 	 79
0.6329175424 	 0.4196521124 	 0.0605589776 	 80
-0.3599507916 	 0.6737491992 	 0.0518799883 	 81
-0.0204771040 	 -0.7650655068 	 0.0563515778 	 82
-0.0196213254 	 0.7663455648 	 0.0640827403 	 83
-0.4946139055 	 0.2697929113 	 0.1119371164 	 84
0.3829660297 	 -0.6569615517 	 0.0570584199 	 85
0.3980272254 	 0.6577424055 	 0.0753086003 	 86
-0.6513583882 	 0.3662293598 	 0.0658596407 	 87
0.3913323281 	 -0.2366014431 	 0.1011269758 	 88
0.4889900484 	 -0.1087222889 	 0.2597014319 	 89
0.4405825261 	 -0.3933382060 	 0.2151531662 	 90
0.2754686106 	 0.0024420494 	 0.1883356213 	 91
